 1   0.00 0.0000000000000000000
2   0.01 1.0048689722320101048
3   0.02 1.8342450766863300782
4   0.03 2.5087624935600700837
5   0.04 3.0471495816277101021
6   0.05 3.4663717534853502045
7   0.06 3.7817656947088700292
8   0.07 4.0071653390113501914
9   0.08 4.1550199969217000984
10  0.09 4.2365050212849002520
11  0.10 4.2616253789999998247
12  0.11 4.2393124848605703292
13  0.12 4.1775146401410303554
14  0.13 4.0832814056753203857
15  0.14 3.9628422265996201546
16  0.15 3.8216796136728499178
17  0.16 3.6645971741443599257
18  0.17 3.4957827735030098104
19  0.18 3.3188670981122201376
20  0.19 3.1369778777072800935
21  0.20 2.9527900159999997953
22  0.21 2.7685718671984798078
23  0.22 2.5862278861014900144
24  0.23 2.4073378695640399449
25  0.24 2.2331929975496600527
26  0.25 2.0648288726806600657
27  0.26 1.9030557481672700781
28  0.27 1.7484861252355599071
29  0.28 1.6015598926782499412
30  0.29 1.4625671729185198977
31  0.30 1.3316690309999998920
32  0.31 1.2089161951931499672
33  0.32 1.0942659304343200777
34  0.33 0.9875971985855069857
35  0.34 0.8887242325161169854
36  0.35 0.7974086442587889900
37  0.36 0.7133701809754869894
38  0.37 0.6362962361839510361
39  0.38 0.5658502176338170431
40  0.39 0.5016788673825850475
41  0.40 0.4434186239999999835
42  0.41 0.3907011114213380099
43  0.42 0.3431578337715959770
44  0.43 0.3004241504896659753
45  0.44 0.2621426012902129954
46  0.45 0.2279656459072260111
47  0.46 0.1975578791630550057
48  0.47 0.1705977776961699888
49  0.48 0.1467790306559660085
50  0.49 0.1258115028295750115
51  0.50 0.1074218750000000000
52  0.51 0.0913540028427761025
53  0.52 0.0773690323460160950
54  0.53 0.0652453065818913019
55  0.54 0.0547780956625419022
56  0.55 0.0457791788759765034
57  0.56 0.0380763053137853982
58  0.57 0.0315125567684400032
59  0.58 0.0259456342895963005
60  0.59 0.0212470875421680999
61  0.60 0.0173015039999999988
62  0.61 0.0140056730337527000
63  0.62 0.0112677381061261992
64  0.63 0.0090063485677988400
65  0.64 0.0071498209494564903
66  0.65 0.0056353181650390599
67  0.66 0.0044080536748452902
68  0.67 0.0034205264004239298
69  0.68 0.0026317910322446298
70  0.69 0.0020067673219949299
71  0.70 0.0015155909999999999
72  0.71 0.0011330081007153701
73  0.72 0.0008378137115099150
74  0.73 0.0006123354780444570
75  0.74 0.0004419615994686470
76  0.75 0.0003147125244140620
77  0.76 0.0002208551103627260
78  0.77 0.0001525576304259160
79  0.78 0.0001035836988865530
80  0.79 0.0000690229360478887
81  0.80 0.0000450559999999999
82  0.81 0.0000287514738721088
83  0.82 0.0000178920079911935
84  0.83 0.0000108270731241761
85  0.84 0.0000063496796504064
86  0.85 0.0000035944541015625
87  0.86 0.0000019545350257664
88  0.87 0.0000010148505899961
89  0.88 0.0000004994667380736
90  0.89 0.0000002308430789489
91  0.90 0.0000000990000000000
92  0.91 0.0000000387807909489
93  0.92 0.0000000135828340736
94  0.93 0.0000000041281739961
95  0.94 0.0000000010420337664
96  0.95 0.0000000002041015625
97  0.96 0.0000000000276824064
98  0.97 0.0000000000021001761
99  0.98 0.0000000000000551936
100 0.99 0.0000000000000001089
101 1.00 0.0000000000000000000